0 101 0.3125 -1 1 2
1 128 1 -1 3 4
2 4 1 -1 229 230
3 103 1705.78 -1 5 6
4 109 171526 -1 133 134
5 0 1 -1 7 8
6 110 1.71417e+09 -1 65 66
7 110 41616 -1 9 10
8 64 794 -1 53 54
9 113 7 -1 11 12
10 96 0.285714 -1 31 32
11 105 5755 -1 13 14
12 111 20 -1 25 26
13 133 1 -1 15 16
14 118 19 -1 21 22
15 95 1 -1 17 18
16 167 1 -1 19 20
17 113 4 1 -1 -1
18 102 4 1 -1 -1
19 142 3 1 -1 -1
20 106 309.76 1 -1 -1
21 46 1 -1 23 24
22 -1 0 0 -1 -1
23 105 69621 1 -1 -1
24 -1 0 1 -1 -1
25 107 356 -1 27 28
26 -1 0 0 -1 -1
27 16 16 -1 29 30
28 -1 0 0 -1 -1
29 112 13 1 -1 -1
30 -1 0 0 -1 -1
31 109 233372 -1 33 34
32 31 1 -1 43 44
33 13 1 -1 35 36
34 120 3 -1 39 40
35 -1 0 1 -1 -1
36 108 1.03793e+11 -1 37 38
37 -1 0 0 -1 -1
38 -1 0 1 -1 -1
39 36 1 -1 41 42
40 -1 0 1 -1 -1
41 108 5.20296e+10 0 -1 -1
42 -1 0 1 -1 -1
43 15 4 -1 45 46
44 82 240 -1 51 52
45 103 735.5 -1 47 48
46 47 6 -1 49 50
47 105 51572.2 1 -1 -1
48 15 3 1 -1 -1
49 102 2 1 -1 -1
50 -1 0 1 -1 -1
51 -1 0 0 -1 -1
52 -1 0 1 -1 -1
53 105 612340 -1 55 56
54 -1 0 1 -1 -1
55 4 2 -1 57 58
56 -1 0 0 -1 -1
57 6 1 -1 59 60
58 -1 0 0 -1 -1
59 120 4 -1 61 62
60 35 1 -1 63 64
61 94 5 1 -1 -1
62 -1 0 0 -1 -1
63 -1 0 0 -1 -1
64 -1 0 1 -1 -1
65 123 1 -1 67 68
66 121 2 -1 103 104
67 15 7 -1 69 70
68 93 6 -1 85 86
69 109 180581 -1 71 72
70 133 1 -1 77 78
71 83 2231 -1 73 74
72 -1 0 1 -1 -1
73 103 139817 -1 75 76
74 -1 0 1 -1 -1
75 103 80721 1 -1 -1
76 103 161005 0 -1 -1
77 113 1 -1 79 80
78 -1 0 0 -1 -1
79 14 5 -1 81 82
80 94 13 -1 83 84
81 104 2.89739e+07 1 -1 -1
82 -1 0 1 -1 -1
83 -1 0 1 -1 -1
84 30 1 0 -1 -1
85 147 7 -1 87 88
86 105 2156 -1 95 96
87 137 2 -1 89 90
88 -1 0 0 -1 -1
89 109 5963 -1 91 92
90 107 38362.7 -1 93 94
91 118 4 1 -1 -1
92 121 7 1 -1 -1
93 -1 0 1 -1 -1
94 -1 0 0 -1 -1
95 -1 0 0 -1 -1
96 15 3 -1 97 98
97 94 7 -1 99 100
98 106 3.40686e+08 -1 101 102
99 114 1 1 -1 -1
100 -1 0 1 -1 -1
101 102 1 1 -1 -1
102 91 10 1 -1 -1
103 64 11075 -1 105 106
104 108 2.06283e+10 -1 119 120
105 3 1 -1 107 108
106 -1 0 0 -1 -1
107 106 8.74421e+08 -1 109 110
108 96 0.5 -1 115 116
109 8 2 -1 111 112
110 109 197812 -1 113 114
111 100 0.107143 1 -1 -1
112 -1 0 0 -1 -1
113 95 0.230769 1 -1 -1
114 93 10 0 -1 -1
115 -1 0 0 -1 -1
116 6 1 -1 117 118
117 99 0.357143 1 -1 -1
118 -1 0 0 -1 -1
119 92 14 -1 121 122
120 108 2.63559e+11 -1 127 128
121 26 3 -1 123 124
122 -1 0 0 -1 -1
123 104 4.97612e+09 -1 125 126
124 -1 0 0 -1 -1
125 121 4 1 -1 -1
126 105 124684 1 -1 -1
127 105 30594.7 -1 129 130
128 -1 0 1 -1 -1
129 -1 0 1 -1 -1
130 98 0.428571 -1 131 132
131 102 1 1 -1 -1
132 13 4 0 -1 -1
133 128 7 -1 135 136
134 63 1 -1 179 180
135 79 377 -1 137 138
136 109 88277.5 -1 157 158
137 61 3 -1 139 140
138 80 1708 -1 151 152
139 31 9 -1 141 142
140 -1 0 1 -1 -1
141 94 1 -1 143 144
142 101 0.166667 -1 149 150
143 126 3 -1 145 146
144 133 1 -1 147 148
145 113 6 1 -1 -1
146 125 5 1 -1 -1
147 99 0.285714 1 -1 -1
148 103 3306.33 1 -1 -1
149 -1 0 0 -1 -1
150 -1 0 1 -1 -1
151 -1 0 0 -1 -1
152 105 17707.7 -1 153 154
153 -1 0 1 -1 -1
154 140 1 -1 155 156
155 -1 0 0 -1 -1
156 -1 0 1 -1 -1
157 126 2 -1 159 160
158 95 0.375 -1 175 176
159 -1 0 1 -1 -1
160 112 5 -1 161 162
161 105 22574.9 -1 163 164
162 21 8 -1 169 170
163 60 4 -1 165 166
164 148 0.142857 -1 167 168
165 30 2 0 -1 -1
166 -1 0 0 -1 -1
167 -1 0 1 -1 -1
168 105 53082.1 1 -1 -1
169 112 11 -1 171 172
170 48 6 -1 173 174
171 -1 0 1 -1 -1
172 13 3 1 -1 -1
173 -1 0 0 -1 -1
174 -1 0 1 -1 -1
175 -1 0 0 -1 -1
176 11 5 -1 177 178
177 -1 0 1 -1 -1
178 -1 0 0 -1 -1
179 128 7 -1 181 182
180 121 8 -1 215 216
181 55 1 -1 183 184
182 101 0.104167 -1 201 202
183 120 6 -1 185 186
184 95 0.153846 -1 191 192
185 127 5 -1 187 188
186 -1 0 1 -1 -1
187 32 2 -1 189 190
188 -1 0 1 -1 -1
189 121 5 1 -1 -1
190 -1 0 0 -1 -1
191 93 1 -1 193 194
192 107 232237 -1 197 198
193 -1 0 0 -1 -1
194 114 13 -1 195 196
195 -1 0 1 -1 -1
196 -1 0 0 -1 -1
197 127 3 -1 199 200
198 -1 0 0 -1 -1
199 -1 0 0 -1 -1
200 -1 0 1 -1 -1
201 54 2 -1 203 204
202 96 0.333333 -1 209 210
203 56 1 -1 205 206
204 -1 0 1 -1 -1
205 128 26 -1 207 208
206 -1 0 0 -1 -1
207 60 1 0 -1 -1
208 -1 0 1 -1 -1
209 94 7 -1 211 212
210 -1 0 0 -1 -1
211 -1 0 0 -1 -1
212 101 0.229167 -1 213 214
213 32 1 1 -1 -1
214 -1 0 0 -1 -1
215 138 1 -1 217 218
216 -1 0 0 -1 -1
217 1 2 -1 219 220
218 96 0.5 -1 225 226
219 2 2 -1 221 222
220 -1 0 0 -1 -1
221 54 4 -1 223 224
222 -1 0 0 -1 -1
223 103 193684 0 -1 -1
224 -1 0 0 -1 -1
225 -1 0 0 -1 -1
226 112 4 -1 227 228
227 -1 0 1 -1 -1
228 -1 0 0 -1 -1
229 105 1720.78 -1 231 232
230 92 10 -1 367 368
231 92 541 -1 233 234
232 102 1 -1 275 276
233 63 1 -1 235 236
234 91 611 -1 267 268
235 107 218.784 -1 237 238
236 114 6 -1 261 262
237 107 5.92 -1 239 240
238 102 4 -1 247 248
239 122 0.25 -1 241 242
240 -1 0 1 -1 -1
241 97 0.0172414 -1 243 244
242 49 7 -1 245 246
243 101 0.9375 1 -1 -1
244 -1 0 1 -1 -1
245 -1 0 0 -1 -1
246 -1 0 1 -1 -1
247 2 1 -1 249 250
248 102 9 -1 255 256
249 96 0.0144928 -1 251 252
250 92 25 -1 253 254
251 -1 0 0 -1 -1
252 110 2.08853e+11 1 -1 -1
253 107 539168 0 -1 -1
254 -1 0 0 -1 -1
255 29 3 -1 257 258
256 120 12 -1 259 260
257 107 606.12 1 -1 -1
258 -1 0 0 -1 -1
259 6 11 1 -1 -1
260 -1 0 0 -1 -1
261 118 2 -1 263 264
262 -1 0 0 -1 -1
263 128 18 -1 265 266
264 -1 0 1 -1 -1
265 -1 0 0 -1 -1
266 -1 0 1 -1 -1
267 -1 0 0 -1 -1
268 108 6.35738e+06 -1 269 270
269 15 183 -1 271 272
270 -1 0 0 -1 -1
271 -1 0 1 -1 -1
272 15 873 -1 273 274
273 -1 0 0 -1 -1
274 -1 0 1 -1 -1
275 94 76 -1 277 278
276 15 1 -1 321 322
277 120 1 -1 279 280
278 14 15 -1 297 298
279 75 2527 -1 281 282
280 108 7.3075e+10 -1 287 288
281 105 2549.71 -1 283 284
282 -1 0 1 -1 -1
283 -1 0 1 -1 -1
284 9 5 -1 285 286
285 92 36 0 -1 -1
286 -1 0 0 -1 -1
287 149 6 -1 289 290
288 56 1 -1 295 296
289 5 4 -1 291 292
290 13 17 -1 293 294
291 92 35 0 -1 -1
292 -1 0 1 -1 -1
293 78 19987 1 -1 -1
294 -1 0 0 -1 -1
295 -1 0 1 -1 -1
296 -1 0 0 -1 -1
297 59 2 -1 299 300
298 13 144 -1 311 312
299 79 3473 -1 301 302
300 98 3.14286 -1 307 308
301 89 870 -1 303 304
302 95 1 -1 305 306
303 90 233.208 0 -1 -1
304 91 24 1 -1 -1
305 -1 0 0 -1 -1
306 -1 0 1 -1 -1
307 -1 0 1 -1 -1
308 11 39 -1 309 310
309 6 71 0 -1 -1
310 -1 0 0 -1 -1
311 148 0.5 -1 313 314
312 110 6.07771e+07 -1 319 320
313 105 8807.56 -1 315 316
314 105 22717.8 -1 317 318
315 100 17.6071 0 -1 -1
316 26 3 0 -1 -1
317 148 0.75 0 -1 -1
318 -1 0 1 -1 -1
319 -1 0 0 -1 -1
320 -1 0 1 -1 -1
321 184 1 -1 323 324
322 106 5.91662e+08 -1 341 342
323 109 85345.4 -1 325 326
324 110 4.81602e+11 -1 339 340
325 97 0.884615 -1 327 328
326 12 1 -1 333 334
327 96 0.0869565 -1 329 330
328 88 1198 -1 331 332
329 72 6879 1 -1 -1
330 104 1.29388e+09 0 -1 -1
331 93 20 1 -1 -1
332 183 2 1 -1 -1
333 103 31502 -1 335 336
334 82 1201 -1 337 338
335 124 1 1 -1 -1
336 14 4 0 -1 -1
337 2 9 0 -1 -1
338 -1 0 1 -1 -1
339 -1 0 0 -1 -1
340 -1 0 1 -1 -1
341 110 1.28516e+09 -1 343 344
342 107 126009 -1 355 356
343 147 1 -1 345 346
344 6 1 -1 351 352
345 110 4.07757e+08 -1 347 348
346 120 1 -1 349 350
347 99 1.28571 1 -1 -1
348 15 2 1 -1 -1
349 -1 0 0 -1 -1
350 -1 0 1 -1 -1
351 15 3 -1 353 354
352 -1 0 0 -1 -1
353 82 36 0 -1 -1
354 11 7 1 -1 -1
355 92 48 -1 357 358
356 12 2 -1 363 364
357 2 1 -1 359 360
358 94 109 -1 361 362
359 12 12 0 -1 -1
360 0 14 0 -1 -1
361 92 63 0 -1 -1
362 -1 0 0 -1 -1
363 -1 0 0 -1 -1
364 96 0.2 -1 365 366
365 1 1 1 -1 -1
366 -1 0 0 -1 -1
367 92 5 -1 369 370
368 93 86 -1 411 412
369 111 3 -1 371 372
370 33 4 -1 393 394
371 107 1803.79 -1 373 374
372 -1 0 1 -1 -1
373 110 2.14978e+11 -1 375 376
374 36 1 -1 383 384
375 6 9 -1 377 378
376 0 2 -1 381 382
377 -1 0 1 -1 -1
378 1 37 -1 379 380
379 5 156 0 -1 -1
380 -1 0 1 -1 -1
381 -1 0 0 -1 -1
382 -1 0 1 -1 -1
383 59 2 -1 385 386
384 2 10 -1 389 390
385 0 1 -1 387 388
386 -1 0 0 -1 -1
387 100 1.07143 1 -1 -1
388 104 8.49278e+09 0 -1 -1
389 37 1 -1 391 392
390 -1 0 0 -1 -1
391 20 6 0 -1 -1
392 -1 0 1 -1 -1
393 75 940 -1 395 396
394 -1 0 1 -1 -1
395 105 115029 -1 397 398
396 -1 0 1 -1 -1
397 109 147525 -1 399 400
398 105 149313 -1 405 406
399 108 2.22817e+09 -1 401 402
400 6 3 -1 403 404
401 -1 0 1 -1 -1
402 64 11436 0 -1 -1
403 -1 0 0 -1 -1
404 8 2 0 -1 -1
405 100 0.285714 -1 407 408
406 110 1.92375e+09 -1 409 410
407 0 2 1 -1 -1
408 67 58439 0 -1 -1
409 -1 0 1 -1 -1
410 4 3 0 -1 -1
411 103 6296.61 -1 413 414
412 15 1 -1 461 462
413 102 4 -1 415 416
414 98 1 -1 431 432
415 72 2111 -1 417 418
416 120 3 -1 423 424
417 92 23 -1 419 420
418 -1 0 1 -1 -1
419 -1 0 0 -1 -1
420 103 78 -1 421 422
421 11 1 1 -1 -1
422 -1 0 0 -1 -1
423 97 0.283333 -1 425 426
424 -1 0 0 -1 -1
425 91 18 -1 427 428
426 107 64377.5 -1 429 430
427 2 67 0 -1 -1
428 -1 0 1 -1 -1
429 -1 0 1 -1 -1
430 11 6 1 -1 -1
431 12 8 -1 433 434
432 105 24128 -1 447 448
433 13 10 -1 435 436
434 102 1 -1 441 442
435 109 106656 -1 437 438
436 15 2 -1 439 440
437 104 2.76317e+09 0 -1 -1
438 10 3 0 -1 -1
439 -1 0 1 -1 -1
440 6 23 0 -1 -1
441 8 20 -1 443 444
442 97 0.38 -1 445 446
443 -1 0 0 -1 -1
444 -1 0 1 -1 -1
445 32 3 0 -1 -1
446 101 1.4375 1 -1 -1
447 15 8 -1 449 450
448 33 1 -1 455 456
449 83 175 -1 451 452
450 14 1 -1 453 454
451 3 2 0 -1 -1
452 -1 0 1 -1 -1
453 1 41 1 -1 -1
454 83 6108 0 -1 -1
455 104 6.465e+09 -1 457 458
456 4 14 -1 459 460
457 103 20513.8 0 -1 -1
458 -1 0 0 -1 -1
459 103 17045.1 1 -1 -1
460 -1 0 0 -1 -1
461 101 4.60417 -1 463 464
462 91 21 -1 473 474
463 109 16055.6 -1 465 466
464 13 3 -1 467 468
465 -1 0 1 -1 -1
466 -1 0 0 -1 -1
467 -1 0 0 -1 -1
468 11 117 -1 469 470
469 9 2 -1 471 472
470 -1 0 1 -1 -1
471 -1 0 0 -1 -1
472 107 20358.9 1 -1 -1
473 105 13736.4 -1 475 476
474 102 1 -1 487 488
475 5 14 -1 477 478
476 117 1 -1 481 482
477 -1 0 1 -1 -1
478 4 52 -1 479 480
479 -1 0 0 -1 -1
480 9 149 1 -1 -1
481 92 22 -1 483 484
482 97 0.481308 -1 485 486
483 -1 0 0 -1 -1
484 4 17 0 -1 -1
485 -1 0 1 -1 -1
486 3 35 0 -1 -1
487 48 2 -1 489 490
488 100 7.57143 -1 493 494
489 4 20 -1 491 492
490 -1 0 0 -1 -1
491 114 33 0 -1 -1
492 76 27695 0 -1 -1
493 105 17023.9 -1 495 496
494 7 24 -1 497 498
495 -1 0 0 -1 -1
496 14 26 0 -1 -1
497 93 317 0 -1 -1
498 7 34 0 -1 -1
499 -1 0 -1 -1 -1
500 -1 0 -1 -1 -1
501 -1 0 -1 -1 -1
502 -1 0 -1 -1 -1
503 -1 0 -1 -1 -1
504 -1 0 -1 -1 -1
505 -1 0 -1 -1 -1
506 -1 0 -1 -1 -1
507 -1 0 -1 -1 -1
508 -1 0 -1 -1 -1
509 -1 0 -1 -1 -1
510 -1 0 -1 -1 -1
511 -1 0 -1 -1 -1
512 -1 0 -1 -1 -1
513 -1 0 -1 -1 -1
514 -1 0 -1 -1 -1
515 -1 0 -1 -1 -1
516 -1 0 -1 -1 -1
517 -1 0 -1 -1 -1
518 -1 0 -1 -1 -1
519 -1 0 -1 -1 -1
520 -1 0 -1 -1 -1
521 -1 0 -1 -1 -1
522 -1 0 -1 -1 -1
523 -1 0 -1 -1 -1
524 -1 0 -1 -1 -1
525 -1 0 -1 -1 -1
526 -1 0 -1 -1 -1
527 -1 0 -1 -1 -1
528 -1 0 -1 -1 -1
529 -1 0 -1 -1 -1
530 -1 0 -1 -1 -1
531 -1 0 -1 -1 -1
532 -1 0 -1 -1 -1
533 -1 0 -1 -1 -1
534 -1 0 -1 -1 -1
535 -1 0 -1 -1 -1
536 -1 0 -1 -1 -1
537 -1 0 -1 -1 -1
538 -1 0 -1 -1 -1
539 -1 0 -1 -1 -1
540 -1 0 -1 -1 -1
541 -1 0 -1 -1 -1
542 -1 0 -1 -1 -1
543 -1 0 -1 -1 -1
544 -1 0 -1 -1 -1
545 -1 0 -1 -1 -1
546 -1 0 -1 -1 -1
547 -1 0 -1 -1 -1
548 -1 0 -1 -1 -1
549 -1 0 -1 -1 -1
550 -1 0 -1 -1 -1
551 -1 0 -1 -1 -1
552 -1 0 -1 -1 -1
553 -1 0 -1 -1 -1
554 -1 0 -1 -1 -1
555 -1 0 -1 -1 -1
556 -1 0 -1 -1 -1
557 -1 0 -1 -1 -1
558 -1 0 -1 -1 -1
559 -1 0 -1 -1 -1
560 -1 0 -1 -1 -1
561 -1 0 -1 -1 -1
562 -1 0 -1 -1 -1
563 -1 0 -1 -1 -1
564 -1 0 -1 -1 -1
565 -1 0 -1 -1 -1
566 -1 0 -1 -1 -1
567 -1 0 -1 -1 -1
568 -1 0 -1 -1 -1
569 -1 0 -1 -1 -1
570 -1 0 -1 -1 -1
571 -1 0 -1 -1 -1
572 -1 0 -1 -1 -1
573 -1 0 -1 -1 -1
574 -1 0 -1 -1 -1
575 -1 0 -1 -1 -1
576 -1 0 -1 -1 -1
577 -1 0 -1 -1 -1
578 -1 0 -1 -1 -1
579 -1 0 -1 -1 -1
580 -1 0 -1 -1 -1
581 -1 0 -1 -1 -1
582 -1 0 -1 -1 -1
583 -1 0 -1 -1 -1
584 -1 0 -1 -1 -1
585 -1 0 -1 -1 -1
586 -1 0 -1 -1 -1
587 -1 0 -1 -1 -1
588 -1 0 -1 -1 -1
589 -1 0 -1 -1 -1
590 -1 0 -1 -1 -1
591 -1 0 -1 -1 -1
592 -1 0 -1 -1 -1
593 -1 0 -1 -1 -1
594 -1 0 -1 -1 -1
595 -1 0 -1 -1 -1
596 -1 0 -1 -1 -1
597 -1 0 -1 -1 -1
598 -1 0 -1 -1 -1
599 -1 0 -1 -1 -1
600 -1 0 -1 -1 -1
601 -1 0 -1 -1 -1
602 -1 0 -1 -1 -1
603 -1 0 -1 -1 -1
604 -1 0 -1 -1 -1
605 -1 0 -1 -1 -1
606 -1 0 -1 -1 -1
607 -1 0 -1 -1 -1
608 -1 0 -1 -1 -1
609 -1 0 -1 -1 -1
610 -1 0 -1 -1 -1
611 -1 0 -1 -1 -1
612 -1 0 -1 -1 -1
613 -1 0 -1 -1 -1
614 -1 0 -1 -1 -1
615 -1 0 -1 -1 -1
616 -1 0 -1 -1 -1
617 -1 0 -1 -1 -1
618 -1 0 -1 -1 -1
619 -1 0 -1 -1 -1
620 -1 0 -1 -1 -1
621 -1 0 -1 -1 -1
622 -1 0 -1 -1 -1
623 -1 0 -1 -1 -1
624 -1 0 -1 -1 -1
625 -1 0 -1 -1 -1
626 -1 0 -1 -1 -1
627 -1 0 -1 -1 -1
628 -1 0 -1 -1 -1
629 -1 0 -1 -1 -1
630 -1 0 -1 -1 -1
631 -1 0 -1 -1 -1
632 -1 0 -1 -1 -1
633 -1 0 -1 -1 -1
634 -1 0 -1 -1 -1
635 -1 0 -1 -1 -1
636 -1 0 -1 -1 -1
637 -1 0 -1 -1 -1
638 -1 0 -1 -1 -1
639 -1 0 -1 -1 -1
640 -1 0 -1 -1 -1
641 -1 0 -1 -1 -1
642 -1 0 -1 -1 -1
643 -1 0 -1 -1 -1
644 -1 0 -1 -1 -1
645 -1 0 -1 -1 -1
646 -1 0 -1 -1 -1
647 -1 0 -1 -1 -1
648 -1 0 -1 -1 -1
649 -1 0 -1 -1 -1
650 -1 0 -1 -1 -1
651 -1 0 -1 -1 -1
652 -1 0 -1 -1 -1
653 -1 0 -1 -1 -1
654 -1 0 -1 -1 -1
655 -1 0 -1 -1 -1
656 -1 0 -1 -1 -1
657 -1 0 -1 -1 -1
658 -1 0 -1 -1 -1
659 -1 0 -1 -1 -1
660 -1 0 -1 -1 -1
661 -1 0 -1 -1 -1
662 -1 0 -1 -1 -1
663 -1 0 -1 -1 -1
664 -1 0 -1 -1 -1
665 -1 0 -1 -1 -1
666 -1 0 -1 -1 -1
667 -1 0 -1 -1 -1
668 -1 0 -1 -1 -1
669 -1 0 -1 -1 -1
670 -1 0 -1 -1 -1
671 -1 0 -1 -1 -1
672 -1 0 -1 -1 -1
673 -1 0 -1 -1 -1
674 -1 0 -1 -1 -1
675 -1 0 -1 -1 -1
676 -1 0 -1 -1 -1
677 -1 0 -1 -1 -1
678 -1 0 -1 -1 -1
679 -1 0 -1 -1 -1
680 -1 0 -1 -1 -1
681 -1 0 -1 -1 -1
682 -1 0 -1 -1 -1
683 -1 0 -1 -1 -1
684 -1 0 -1 -1 -1
685 -1 0 -1 -1 -1
686 -1 0 -1 -1 -1
687 -1 0 -1 -1 -1
688 -1 0 -1 -1 -1
689 -1 0 -1 -1 -1
690 -1 0 -1 -1 -1
691 -1 0 -1 -1 -1
692 -1 0 -1 -1 -1
693 -1 0 -1 -1 -1
694 -1 0 -1 -1 -1
695 -1 0 -1 -1 -1
696 -1 0 -1 -1 -1
697 -1 0 -1 -1 -1
698 -1 0 -1 -1 -1
699 -1 0 -1 -1 -1
700 -1 0 -1 -1 -1
701 -1 0 -1 -1 -1
702 -1 0 -1 -1 -1
703 -1 0 -1 -1 -1
704 -1 0 -1 -1 -1
705 -1 0 -1 -1 -1
706 -1 0 -1 -1 -1
707 -1 0 -1 -1 -1
708 -1 0 -1 -1 -1
709 -1 0 -1 -1 -1
710 -1 0 -1 -1 -1
711 -1 0 -1 -1 -1
712 -1 0 -1 -1 -1
713 -1 0 -1 -1 -1
714 -1 0 -1 -1 -1
715 -1 0 -1 -1 -1
716 -1 0 -1 -1 -1
717 -1 0 -1 -1 -1
718 -1 0 -1 -1 -1
719 -1 0 -1 -1 -1
720 -1 0 -1 -1 -1
721 -1 0 -1 -1 -1
722 -1 0 -1 -1 -1
723 -1 0 -1 -1 -1
724 -1 0 -1 -1 -1
725 -1 0 -1 -1 -1
726 -1 0 -1 -1 -1
727 -1 0 -1 -1 -1
728 -1 0 -1 -1 -1
729 -1 0 -1 -1 -1
730 -1 0 -1 -1 -1
731 -1 0 -1 -1 -1
732 -1 0 -1 -1 -1
733 -1 0 -1 -1 -1
734 -1 0 -1 -1 -1
735 -1 0 -1 -1 -1
736 -1 0 -1 -1 -1
737 -1 0 -1 -1 -1
738 -1 0 -1 -1 -1
739 -1 0 -1 -1 -1
740 -1 0 -1 -1 -1
741 -1 0 -1 -1 -1
742 -1 0 -1 -1 -1
743 -1 0 -1 -1 -1
744 -1 0 -1 -1 -1
745 -1 0 -1 -1 -1
746 -1 0 -1 -1 -1
747 -1 0 -1 -1 -1
748 -1 0 -1 -1 -1
749 -1 0 -1 -1 -1
750 -1 0 -1 -1 -1
751 -1 0 -1 -1 -1
752 -1 0 -1 -1 -1
753 -1 0 -1 -1 -1
754 -1 0 -1 -1 -1
755 -1 0 -1 -1 -1
756 -1 0 -1 -1 -1
757 -1 0 -1 -1 -1
758 -1 0 -1 -1 -1
759 -1 0 -1 -1 -1
760 -1 0 -1 -1 -1
761 -1 0 -1 -1 -1
762 -1 0 -1 -1 -1
763 -1 0 -1 -1 -1
764 -1 0 -1 -1 -1
765 -1 0 -1 -1 -1
766 -1 0 -1 -1 -1
767 -1 0 -1 -1 -1
768 -1 0 -1 -1 -1
769 -1 0 -1 -1 -1
770 -1 0 -1 -1 -1
771 -1 0 -1 -1 -1
772 -1 0 -1 -1 -1
773 -1 0 -1 -1 -1
774 -1 0 -1 -1 -1
775 -1 0 -1 -1 -1
776 -1 0 -1 -1 -1
777 -1 0 -1 -1 -1
778 -1 0 -1 -1 -1
779 -1 0 -1 -1 -1
780 -1 0 -1 -1 -1
781 -1 0 -1 -1 -1
782 -1 0 -1 -1 -1
783 -1 0 -1 -1 -1
784 -1 0 -1 -1 -1
785 -1 0 -1 -1 -1
786 -1 0 -1 -1 -1
787 -1 0 -1 -1 -1
788 -1 0 -1 -1 -1
789 -1 0 -1 -1 -1
790 -1 0 -1 -1 -1
791 -1 0 -1 -1 -1
792 -1 0 -1 -1 -1
793 -1 0 -1 -1 -1
794 -1 0 -1 -1 -1
795 -1 0 -1 -1 -1
796 -1 0 -1 -1 -1
797 -1 0 -1 -1 -1
798 -1 0 -1 -1 -1
799 -1 0 -1 -1 -1
800 -1 0 -1 -1 -1
801 -1 0 -1 -1 -1
802 -1 0 -1 -1 -1
803 -1 0 -1 -1 -1
804 -1 0 -1 -1 -1
805 -1 0 -1 -1 -1
806 -1 0 -1 -1 -1
807 -1 0 -1 -1 -1
808 -1 0 -1 -1 -1
809 -1 0 -1 -1 -1
810 -1 0 -1 -1 -1
811 -1 0 -1 -1 -1
812 -1 0 -1 -1 -1
813 -1 0 -1 -1 -1
814 -1 0 -1 -1 -1
815 -1 0 -1 -1 -1
816 -1 0 -1 -1 -1
817 -1 0 -1 -1 -1
818 -1 0 -1 -1 -1
819 -1 0 -1 -1 -1
820 -1 0 -1 -1 -1
821 -1 0 -1 -1 -1
822 -1 0 -1 -1 -1
823 -1 0 -1 -1 -1
824 -1 0 -1 -1 -1
825 -1 0 -1 -1 -1
826 -1 0 -1 -1 -1
827 -1 0 -1 -1 -1
828 -1 0 -1 -1 -1
829 -1 0 -1 -1 -1
830 -1 0 -1 -1 -1
831 -1 0 -1 -1 -1
832 -1 0 -1 -1 -1
833 -1 0 -1 -1 -1
834 -1 0 -1 -1 -1
835 -1 0 -1 -1 -1
836 -1 0 -1 -1 -1
837 -1 0 -1 -1 -1
838 -1 0 -1 -1 -1
839 -1 0 -1 -1 -1
840 -1 0 -1 -1 -1
841 -1 0 -1 -1 -1
842 -1 0 -1 -1 -1
843 -1 0 -1 -1 -1
844 -1 0 -1 -1 -1
845 -1 0 -1 -1 -1
846 -1 0 -1 -1 -1
847 -1 0 -1 -1 -1
848 -1 0 -1 -1 -1
849 -1 0 -1 -1 -1
850 -1 0 -1 -1 -1
851 -1 0 -1 -1 -1
852 -1 0 -1 -1 -1
853 -1 0 -1 -1 -1
854 -1 0 -1 -1 -1
855 -1 0 -1 -1 -1
856 -1 0 -1 -1 -1
857 -1 0 -1 -1 -1
858 -1 0 -1 -1 -1
859 -1 0 -1 -1 -1
860 -1 0 -1 -1 -1
861 -1 0 -1 -1 -1
862 -1 0 -1 -1 -1
863 -1 0 -1 -1 -1
864 -1 0 -1 -1 -1
865 -1 0 -1 -1 -1
866 -1 0 -1 -1 -1
867 -1 0 -1 -1 -1
868 -1 0 -1 -1 -1
869 -1 0 -1 -1 -1
870 -1 0 -1 -1 -1
871 -1 0 -1 -1 -1
872 -1 0 -1 -1 -1
873 -1 0 -1 -1 -1
874 -1 0 -1 -1 -1
875 -1 0 -1 -1 -1
876 -1 0 -1 -1 -1
877 -1 0 -1 -1 -1
878 -1 0 -1 -1 -1
879 -1 0 -1 -1 -1
880 -1 0 -1 -1 -1
881 -1 0 -1 -1 -1
882 -1 0 -1 -1 -1
883 -1 0 -1 -1 -1
884 -1 0 -1 -1 -1
885 -1 0 -1 -1 -1
886 -1 0 -1 -1 -1
887 -1 0 -1 -1 -1
888 -1 0 -1 -1 -1
889 -1 0 -1 -1 -1
890 -1 0 -1 -1 -1
891 -1 0 -1 -1 -1
892 -1 0 -1 -1 -1
893 -1 0 -1 -1 -1
894 -1 0 -1 -1 -1
895 -1 0 -1 -1 -1
896 -1 0 -1 -1 -1
897 -1 0 -1 -1 -1
898 -1 0 -1 -1 -1
899 -1 0 -1 -1 -1
900 -1 0 -1 -1 -1
901 -1 0 -1 -1 -1
902 -1 0 -1 -1 -1
903 -1 0 -1 -1 -1
904 -1 0 -1 -1 -1
905 -1 0 -1 -1 -1
906 -1 0 -1 -1 -1
907 -1 0 -1 -1 -1
908 -1 0 -1 -1 -1
909 -1 0 -1 -1 -1
910 -1 0 -1 -1 -1
911 -1 0 -1 -1 -1
912 -1 0 -1 -1 -1
913 -1 0 -1 -1 -1
914 -1 0 -1 -1 -1
915 -1 0 -1 -1 -1
916 -1 0 -1 -1 -1
917 -1 0 -1 -1 -1
918 -1 0 -1 -1 -1
919 -1 0 -1 -1 -1
920 -1 0 -1 -1 -1
921 -1 0 -1 -1 -1
922 -1 0 -1 -1 -1
923 -1 0 -1 -1 -1
924 -1 0 -1 -1 -1
925 -1 0 -1 -1 -1
926 -1 0 -1 -1 -1
927 -1 0 -1 -1 -1
928 -1 0 -1 -1 -1
929 -1 0 -1 -1 -1
930 -1 0 -1 -1 -1
931 -1 0 -1 -1 -1
932 -1 0 -1 -1 -1
933 -1 0 -1 -1 -1
934 -1 0 -1 -1 -1
935 -1 0 -1 -1 -1
936 -1 0 -1 -1 -1
937 -1 0 -1 -1 -1
938 -1 0 -1 -1 -1
939 -1 0 -1 -1 -1
940 -1 0 -1 -1 -1
941 -1 0 -1 -1 -1
942 -1 0 -1 -1 -1
943 -1 0 -1 -1 -1
944 -1 0 -1 -1 -1
945 -1 0 -1 -1 -1
946 -1 0 -1 -1 -1
947 -1 0 -1 -1 -1
948 -1 0 -1 -1 -1
949 -1 0 -1 -1 -1
950 -1 0 -1 -1 -1
951 -1 0 -1 -1 -1
952 -1 0 -1 -1 -1
953 -1 0 -1 -1 -1
954 -1 0 -1 -1 -1
955 -1 0 -1 -1 -1
956 -1 0 -1 -1 -1
957 -1 0 -1 -1 -1
958 -1 0 -1 -1 -1
959 -1 0 -1 -1 -1
960 -1 0 -1 -1 -1
961 -1 0 -1 -1 -1
962 -1 0 -1 -1 -1
963 -1 0 -1 -1 -1
964 -1 0 -1 -1 -1
965 -1 0 -1 -1 -1
966 -1 0 -1 -1 -1
967 -1 0 -1 -1 -1
968 -1 0 -1 -1 -1
969 -1 0 -1 -1 -1
970 -1 0 -1 -1 -1
971 -1 0 -1 -1 -1
972 -1 0 -1 -1 -1
973 -1 0 -1 -1 -1
974 -1 0 -1 -1 -1
975 -1 0 -1 -1 -1
976 -1 0 -1 -1 -1
977 -1 0 -1 -1 -1
978 -1 0 -1 -1 -1
979 -1 0 -1 -1 -1
980 -1 0 -1 -1 -1
981 -1 0 -1 -1 -1
982 -1 0 -1 -1 -1
983 -1 0 -1 -1 -1
984 -1 0 -1 -1 -1
985 -1 0 -1 -1 -1
986 -1 0 -1 -1 -1
987 -1 0 -1 -1 -1
988 -1 0 -1 -1 -1
989 -1 0 -1 -1 -1
990 -1 0 -1 -1 -1
991 -1 0 -1 -1 -1
992 -1 0 -1 -1 -1
993 -1 0 -1 -1 -1
994 -1 0 -1 -1 -1
995 -1 0 -1 -1 -1
996 -1 0 -1 -1 -1
997 -1 0 -1 -1 -1
998 -1 0 -1 -1 -1
999 -1 0 -1 -1 -1
1000 -1 0 -1 -1 -1
1001 -1 0 -1 -1 -1
1002 -1 0 -1 -1 -1
1003 -1 0 -1 -1 -1
1004 -1 0 -1 -1 -1
1005 -1 0 -1 -1 -1
1006 -1 0 -1 -1 -1
1007 -1 0 -1 -1 -1
1008 -1 0 -1 -1 -1
1009 -1 0 -1 -1 -1
1010 -1 0 -1 -1 -1
1011 -1 0 -1 -1 -1
1012 -1 0 -1 -1 -1
1013 -1 0 -1 -1 -1
1014 -1 0 -1 -1 -1
1015 -1 0 -1 -1 -1
1016 -1 0 -1 -1 -1
1017 -1 0 -1 -1 -1
1018 -1 0 -1 -1 -1
1019 -1 0 -1 -1 -1
1020 -1 0 -1 -1 -1
1021 -1 0 -1 -1 -1
1022 -1 0 -1 -1 -1
1023 -1 0 -1 -1 -1
